401.285470 499.747009
401.285470 497.996581
401.285470 495.370940
402.160684 492.745299
403.035897 490.119658
403.035897 488.369231
403.911111 487.494017
403.911111 486.618803
403.911111 485.743590
404.786325 485.743590
404.786325 484.868376
404.786325 483.993162
405.661538 483.117949
406.536752 482.242735
406.536752 481.367521
407.411966 480.492308
407.411966 479.617094
408.287179 478.741880
409.162393 477.866667
410.037607 477.866667
410.037607 476.991453
410.912821 476.116239
410.912821 475.241026
411.788034 475.241026
411.788034 474.365812
412.663248 474.365812
413.538462 473.490598
414.413675 472.615385
414.413675 471.740171
415.288889 471.740171
415.288889 470.864957
416.164103 470.864957
417.039316 469.989744
417.914530 469.989744
417.914530 469.114530
417.914530 468.239316
418.789744 468.239316
418.789744 467.364103
419.664957 467.364103
420.540171 466.488889
421.415385 465.613675
421.415385 464.738462
422.290598 463.863248
423.165812 462.988034
424.041026 462.112821
424.041026 461.237607
424.916239 461.237607
424.916239 460.362393
425.791453 459.487179
426.666667 458.611966
426.666667 457.736752
427.541880 457.736752
427.541880 456.861538
428.417094 455.986325
428.417094 455.111111
428.417094 454.235897
429.292308 453.360684
430.167521 452.485470
431.042735 451.610256
431.042735 450.735043
431.917949 450.735043
431.917949 449.859829
432.793162 449.859829
432.793162 448.984615
433.668376 448.984615
433.668376 448.109402
434.543590 447.234188
434.543590 446.358974
435.418803 446.358974
435.418803 444.608547
436.294017 444.608547
436.294017 443.733333
437.169231 442.858120
438.044444 441.982906
438.919658 441.107692
438.919658 440.232479
439.794872 440.232479
439.794872 439.357265
440.670085 439.357265
441.545299 438.482051
441.545299 437.606838
442.420513 437.606838
442.420513 436.731624
443.295726 436.731624
443.295726 435.856410
444.170940 435.856410
445.046154 434.981197
445.046154 434.105983
445.921368 434.105983
445.921368 433.230769
446.796581 432.355556
447.671795 432.355556
448.547009 431.480342
449.422222 430.605128
449.422222 429.729915
450.297436 429.729915
450.297436 428.854701
451.172650 428.854701
452.047863 427.979487
452.923077 427.979487
452.923077 427.104274
453.798291 426.229060
454.673504 425.353846
455.548718 424.478632
456.423932 423.603419
456.423932 422.728205
457.299145 422.728205
457.299145 421.852991
458.174359 420.102564
459.049573 420.102564
459.049573 419.227350
459.924786 417.476923
460.800000 416.601709
461.675214 415.726496
461.675214 414.851282
462.550427 414.851282
462.550427 413.976068
463.425641 413.976068
463.425641 412.225641
464.300855 412.225641
465.176068 411.350427
465.176068 410.475214
466.051282 410.475214
466.051282 408.724786
466.926496 407.849573
466.926496 406.974359
467.801709 406.099145
467.801709 405.223932
468.676923 404.348718
468.676923 403.473504
468.676923 401.723077
468.676923 400.847863
469.552137 400.847863
469.552137 399.097436
469.552137 397.347009
469.552137 395.596581
469.552137 394.721368
469.552137 392.970940
469.552137 392.095726
470.427350 391.220513
470.427350 390.345299
470.427350 389.470085
471.302564 388.594872
471.302564 387.719658
471.302564 386.844444
472.177778 385.969231
472.177778 385.094017
473.052991 385.094017
473.052991 384.218803
473.052991 383.343590
473.052991 382.468376
473.928205 381.593162
473.928205 380.717949
473.928205 379.842735
473.928205 378.967521
474.803419 378.967521
474.803419 378.092308
475.678632 377.217094
476.553846 376.341880
476.553846 375.466667
477.429060 374.591453
477.429060 373.716239
478.304274 372.841026
478.304274 371.965812
479.179487 371.965812
480.054701 371.090598
480.054701 370.215385
480.054701 368.464957
480.929915 367.589744
480.929915 366.714530
480.929915 365.839316
481.805128 365.839316
481.805128 364.964103
483.555556 364.088889
483.555556 363.213675
484.430769 362.338462
484.430769 361.463248
485.305983 361.463248
485.305983 360.588034
486.181197 359.712821
487.056410 359.712821
487.056410 358.837607
487.931624 357.087179
488.806838 356.211966
489.682051 355.336752
490.557265 354.461538
490.557265 353.586325
491.432479 352.711111
492.307692 351.835897
493.182906 350.085470
493.182906 349.210256
494.058120 349.210256
494.058120 347.459829
494.933333 346.584615
495.808547 346.584615
495.808547 345.709402
495.808547 344.834188
496.683761 344.834188
496.683761 343.958974
497.558974 343.083761
497.558974 342.208547
497.558974 340.458120
498.434188 340.458120
498.434188 339.582906
498.434188 338.707692
498.434188 337.832479
499.309402 337.832479
499.309402 336.957265
500.184615 336.082051
500.184615 335.206838
500.184615 334.331624
500.184615 333.456410
500.184615 332.581197
501.059829 331.705983
501.059829 330.830769
501.059829 329.955556
501.059829 329.080342
501.059829 328.205128
501.059829 327.329915
501.059829 326.454701
501.059829 325.579487
501.059829 324.704274
501.059829 323.829060
501.059829 322.953846
501.059829 322.078632
501.059829 321.203419
501.059829 320.328205
501.059829 319.452991
501.059829 318.577778
501.059829 317.702564
501.059829 316.827350
501.059829 315.952137
501.059829 314.201709
501.059829 313.326496
501.935043 313.326496
501.935043 312.451282
502.810256 311.576068
502.810256 310.700855
502.810256 309.825641
502.810256 308.950427
503.685470 308.950427
503.685470 308.075214
503.685470 307.200000
503.685470 306.324786
504.560684 306.324786
504.560684 305.449573
504.560684 304.574359
504.560684 303.699145
504.560684 302.823932
505.435897 302.823932
505.435897 301.948718
505.435897 301.073504
505.435897 300.198291
505.435897 299.323077
506.311111 298.447863
506.311111 297.572650
506.311111 296.697436
506.311111 295.822222
506.311111 294.947009
506.311111 294.071795
506.311111 293.196581
506.311111 292.321368
506.311111 291.446154
506.311111 290.570940
507.186325 290.570940
507.186325 289.695726
507.186325 288.820513
507.186325 287.945299
507.186325 286.194872
507.186325 285.319658
507.186325 284.444444
507.186325 283.569231
507.186325 281.818803
507.186325 280.068376
507.186325 279.193162
506.311111 278.317949
505.435897 276.567521
505.435897 275.692308
505.435897 274.817094
505.435897 273.941880
504.560684 272.191453
503.685470 272.191453
503.685470 271.316239
502.810256 270.441026
502.810256 269.565812
501.935043 269.565812
501.935043 268.690598
501.059829 268.690598
501.059829 267.815385
500.184615 266.940171
500.184615 266.064957
499.309402 266.064957
499.309402 265.189744
498.434188 265.189744
497.558974 264.314530
496.683761 263.439316
495.808547 263.439316
494.933333 262.564103
494.058120 261.688889
493.182906 260.813675
492.307692 259.938462
491.432479 259.938462
489.682051 258.188034
487.931624 257.312821
486.181197 256.437607
484.430769 254.687179
483.555556 253.811966
481.805128 252.936752
480.929915 252.061538
480.054701 252.061538
479.179487 252.061538
478.304274 251.186325
478.304274 250.311111
476.553846 250.311111
474.803419 249.435897
473.928205 248.560684
473.052991 248.560684
472.177778 248.560684
471.302564 247.685470
469.552137 246.810256
467.801709 246.810256
467.801709 245.935043
466.051282 245.059829
465.176068 244.184615
464.300855 243.309402
463.425641 243.309402
462.550427 242.434188
461.675214 241.558974
460.800000 241.558974
459.924786 240.683761
459.049573 240.683761
458.174359 240.683761
457.299145 239.808547
456.423932 239.808547
454.673504 238.933333
453.798291 238.933333
452.923077 238.933333
449.422222 238.933333
447.671795 238.933333
446.796581 238.058120
445.046154 238.058120
441.545299 237.182906
440.670085 237.182906
438.919658 237.182906
437.169231 237.182906
434.543590 237.182906
431.917949 237.182906
430.167521 236.307692
428.417094 236.307692
427.541880 235.432479
426.666667 235.432479
425.791453 235.432479
424.041026 235.432479
423.165812 234.557265
422.290598 234.557265
422.290598 233.682051
421.415385 233.682051
420.540171 232.806838
419.664957 231.931624
417.914530 231.931624
417.039316 231.056410
416.164103 231.056410
415.288889 230.181197
414.413675 230.181197
414.413675 229.305983
413.538462 229.305983
412.663248 229.305983
412.663248 228.430769
410.912821 227.555556
410.037607 226.680342
409.162393 226.680342
408.287179 225.805128
406.536752 225.805128
406.536752 224.929915
405.661538 224.929915
404.786325 224.054701
403.911111 223.179487
403.035897 223.179487
402.160684 222.304274
401.285470 221.429060
400.410256 221.429060
399.535043 220.553846
398.659829 219.678632
397.784615 219.678632
397.784615 218.803419
396.909402 218.803419
396.034188 218.803419
395.158974 217.928205
395.158974 217.052991
394.283761 217.052991
393.408547 217.052991
393.408547 216.177778
392.533333 216.177778
391.658120 216.177778
391.658120 215.302564
390.782906 215.302564
390.782906 214.427350
389.907692 213.552137
388.157265 212.676923
385.531624 211.801709
385.531624 210.926496
383.781197 210.926496
382.905983 210.051282
380.280342 209.176068
379.405128 208.300855
379.405128 207.425641
378.529915 207.425641
377.654701 206.550427
376.779487 206.550427
375.904274 206.550427
375.904274 205.675214
375.029060 205.675214
374.153846 204.800000
373.278632 203.924786
372.403419 203.924786
372.403419 203.049573
371.528205 203.049573
370.652991 203.049573
370.652991 202.174359
368.902564 201.299145
368.027350 200.423932
367.152137 199.548718
366.276923 199.548718
364.526496 198.673504
364.526496 197.798291
363.651282 197.798291
362.776068 197.798291
