120.279964 55.000000
70.733844 56.000000
119.224708 57.000000
118.985635 58.000000
119.016798 59.000000
122.992679 60.000000
120.989288 61.000000
121.970312 62.000000
108.952275 63.000000
120.345798 64.000000
181.864644 65.000000
115.004199 66.000000
113.898170 67.000000
128.989531 68.000000
115.965141 69.000000
116.220468 70.000000
120.547347 71.000000
125.374248 72.000000
128.029099 73.000000
121.399062 74.000000
126.573535 75.000000
116.230422 76.000000
118.801825 77.000000
125.041469 78.000000
121.984677 79.000000
109.911772 80.000000
125.114485 81.000000
116.699341 82.000000
114.191056 83.000000
126.818677 84.000000
126.763213 85.000000
124.379717 86.000000
124.088059 87.000000
123.462570 88.000000
122.005369 89.000000
124.953078 90.000000
126.087415 91.000000
121.707554 92.000000
120.206757 93.000000
126.762454 94.000000
125.974622 95.000000
125.527509 96.000000
127.373420 97.000000
133.333550 98.000000
126.211799 99.000000
126.485559 100.000000
139.509679 101.000000
122.746162 102.000000
116.100799 103.000000
104.883804 104.000000
133.274531 105.000000
125.325077 106.000000
134.822752 107.000000
118.945025 108.000000
115.206702 109.000000
141.392920 110.000000
125.725440 111.000000
131.833766 112.000000
128.484332 113.000000
170.074346 114.000000
127.004520 115.000000
123.901017 116.000000
177.209038 117.000000
127.116131 118.000000
128.210912 119.000000
121.094305 120.000000
119.115563 121.000000
112.996169 122.000000
117.830433 123.000000
120.756097 124.000000
132.401579 125.000000
171.456121 126.000000
149.915810 127.000000
173.810057 128.000000
194.205514 129.000000
177.880787 130.000000
154.530494 131.000000
149.267850 132.000000
197.248874 133.000000
128.055493 134.000000
202.746333 135.000000
166.842785 136.000000
185.625506 137.000000
149.201878 138.000000
144.649932 139.000000
183.074271 140.000000
178.209078 141.000000
187.636901 142.000000
205.069250 143.000000
193.371020 144.000000
138.935481 145.000000
184.983496 146.000000
229.541376 147.000000
222.111642 148.000000
163.584941 149.000000
185.925226 150.000000
252.199541 151.000000
204.979592 152.000000
279.231478 153.000000
219.721650 154.000000
207.624621 155.000000
210.858886 156.000000
156.680106 157.000000
171.963318 158.000000
226.953618 159.000000
264.981476 160.000000
251.978673 161.000000
218.945113 162.000000
215.606010 163.000000
264.413523 164.000000
261.458872 165.000000
274.983777 166.000000
255.872872 167.000000
264.995046 168.000000
275.449480 169.000000
264.536816 170.000000
263.687294 171.000000
271.000951 172.000000
262.019673 173.000000
274.901025 174.000000
265.957256 175.000000
281.146318 176.000000
272.900638 177.000000
296.925830 178.000000
278.010958 179.000000
275.078449 180.000000
276.947777 181.000000
278.938574 182.000000
271.942752 183.000000
272.066597 184.000000
270.767339 185.000000
279.661827 186.000000
293.031413 187.000000
293.052851 188.000000
281.018172 189.000000
283.783836 190.000000
286.069759 191.000000
303.310795 192.000000
291.867660 193.000000
253.636240 194.000000
311.612754 195.000000
315.376047 196.000000
321.166786 197.000000
321.644900 198.000000
328.696431 199.000000
330.758082 200.000000
333.195020 201.000000
286.460520 202.000000
336.288692 203.000000
337.621046 204.000000
311.914119 205.000000
347.247053 206.000000
344.964132 207.000000
363.022721 208.000000
367.034333 209.000000
370.567357 210.000000
380.661212 211.000000
405.517914 212.000000
338.115563 213.000000
378.581255 214.000000
378.442926 215.000000
391.639363 216.000000
382.215704 217.000000
428.922250 218.000000
400.306082 219.000000
422.552503 220.000000
430.994324 221.000000
392.835944 222.000000
437.952912 223.000000
404.347815 224.000000
391.358953 225.000000
405.508539 226.000000
437.989678 227.000000
429.059365 228.000000
414.207748 229.000000
417.153388 230.000000
416.302485 231.000000
397.564957 232.000000
459.124950 233.000000
415.987449 234.000000
422.866607 235.000000
434.192278 236.000000
426.147627 237.000000
432.057686 238.000000
430.778027 239.000000
447.954567 240.000000
447.042900 241.000000
448.596277 242.000000
426.995341 243.000000
439.848938 244.000000
460.197579 245.000000
447.963095 246.000000
445.577550 247.000000
444.825226 248.000000
446.032522 249.000000
447.001463 250.000000
464.783150 251.000000
447.958621 252.000000
444.006872 253.000000
434.596422 254.000000
446.473316 255.000000
450.619184 256.000000
451.097592 257.000000
444.195862 258.000000
444.131685 259.000000
446.023501 260.000000
449.402057 261.000000
452.286881 262.000000
450.459905 263.000000
443.084029 264.000000
419.329417 265.000000
436.022161 266.000000
433.890981 267.000000
446.558567 268.000000
451.736007 269.000000
431.966885 270.000000
439.947314 271.000000
438.323203 272.000000
442.935103 273.000000
445.322088 274.000000
433.782328 275.000000
436.989239 276.000000
449.145281 277.000000
450.782507 278.000000
439.025141 279.000000
433.978160 280.000000
436.693077 281.000000
443.354617 282.000000
443.072746 283.000000
439.603680 284.000000
434.203889 285.000000
427.454500 286.000000
427.432707 287.000000
432.859836 288.000000
420.386788 289.000000
443.055667 290.000000
419.279235 291.000000
426.320269 292.000000
425.973457 293.000000
435.073604 294.000000
456.092015 295.000000
437.529261 296.000000
434.407584 297.000000
425.832282 298.000000
452.998908 299.000000
427.844760 300.000000
426.019495 301.000000
437.101009 302.000000
411.446968 303.000000
434.018544 304.000000
444.005282 305.000000
435.317942 306.000000
433.889489 307.000000
418.554006 308.000000
431.059609 309.000000
426.704010 310.000000
414.602060 311.000000
427.964995 312.000000
420.141374 313.000000
425.975801 314.000000
432.817922 315.000000
449.904165 316.000000
414.040019 317.000000
413.087989 318.000000
417.979954 319.000000
441.924911 320.000000
433.112603 321.000000
440.691884 322.000000
445.146074 323.000000
514.169482 324.000000
425.945341 325.000000
436.056908 326.000000
421.974722 327.000000
412.391734 328.000000
435.714530 329.000000
428.048260 330.000000
430.866513 331.000000
429.115361 332.000000
431.317461 333.000000
416.140971 334.000000
414.159909 335.000000
421.156123 336.000000
423.910595 337.000000
434.194046 338.000000
415.448911 339.000000
426.608078 340.000000
427.032013 341.000000
429.911794 342.000000
425.039123 343.000000
412.923973 344.000000
424.644912 345.000000
425.982856 346.000000
427.940889 347.000000
423.879000 348.000000
407.988802 349.000000
420.032056 350.000000
404.084857 351.000000
436.577124 352.000000
437.939469 353.000000
412.996262 354.000000
413.996841 355.000000
418.594388 356.000000
423.879246 357.000000
410.936822 358.000000
397.964093 359.000000
415.236802 360.000000
411.042984 361.000000
408.842370 362.000000
406.027055 363.000000
407.028006 364.000000
400.323969 365.000000
404.777267 366.000000
399.935737 367.000000
400.605143 368.000000
403.321953 369.000000
404.865905 370.000000
394.012755 371.000000
402.539946 372.000000
399.471851 373.000000
420.074702 374.000000
404.921964 375.000000
392.293169 376.000000
408.011211 377.000000
413.894219 378.000000
406.155856 379.000000
392.998051 380.000000
397.437936 381.000000
398.878749 382.000000
395.502300 383.000000
395.915082 384.000000
393.911251 385.000000
395.363687 386.000000
391.447299 387.000000
414.891525 388.000000
412.964411 389.000000
385.961848 390.000000
402.962543 391.000000
398.343220 392.000000
396.931873 393.000000
394.988058 394.000000
396.343052 395.000000
387.986106 396.000000
391.079871 397.000000
397.307117 398.000000
370.628561 399.000000
389.967611 400.000000
386.701004 401.000000
384.996853 402.000000
386.287679 403.000000
392.985916 404.000000
390.007129 405.000000
389.132027 406.000000
388.935911 407.000000
381.999633 408.000000
382.776972 409.000000
382.516932 410.000000
385.878162 411.000000
378.938172 412.000000
386.983311 413.000000
377.280770 414.000000
383.342659 415.000000
382.468574 416.000000
373.973029 417.000000
375.560368 418.000000
381.155608 419.000000
373.524855 420.000000
373.952948 421.000000
376.143396 422.000000
371.003212 423.000000
378.047706 424.000000
374.311430 425.000000
374.880962 426.000000
375.079974 427.000000
370.662180 428.000000
412.040871 429.000000
366.980794 430.000000
368.021510 431.000000
377.957543 432.000000
370.736797 433.000000
370.101552 434.000000
375.960761 435.000000
374.560675 436.000000
373.039323 437.000000
378.043493 438.000000
376.086831 439.000000
368.424817 440.000000
367.682752 441.000000
365.753888 442.000000
369.936438 443.000000
364.962870 444.000000
366.270305 445.000000
365.313426 446.000000
374.289601 447.000000
364.746894 448.000000
361.854744 449.000000
373.307551 450.000000
375.006207 451.000000
369.647925 452.000000
361.954656 453.000000
380.944393 454.000000
365.573987 455.000000
370.453196 456.000000
365.132886 457.000000
356.651420 458.000000
376.968684 459.000000
356.242313 460.000000
358.948128 461.000000
354.970016 462.000000
355.433563 463.000000
363.949685 464.000000
359.086653 465.000000
367.946403 466.000000
366.222059 467.000000
357.626122 468.000000
355.198543 469.000000
355.983175 470.000000
357.194970 471.000000
356.938882 472.000000
358.079923 473.000000
353.962252 474.000000
370.106551 475.000000
347.098469 476.000000
351.980604 477.000000
356.992976 478.000000
355.109892 479.000000
349.939934 480.000000
342.105616 481.000000
356.971177 482.000000
349.340833 483.000000
353.298063 484.000000
354.116306 485.000000
384.191301 486.000000
482.480485 487.000000
352.814222 488.000000
346.044081 489.000000
353.023433 490.000000
344.063125 491.000000
328.548552 492.000000
345.933114 493.000000
345.120683 494.000000
347.981499 495.000000
348.654264 496.000000
325.404837 497.000000
349.005607 498.000000
345.007448 499.000000
345.084088 500.000000
340.161263 501.000000
340.013031 502.000000
343.845433 503.000000
353.105751 504.000000
341.958792 505.000000
341.987421 506.000000
346.986368 507.000000
358.191757 508.000000
342.276989 509.000000
349.538312 510.000000
328.690971 511.000000
