134.377224 8.199288
135.288256 8.199288
136.199288 8.199288
137.110320 9.110320
138.021352 10.021352
138.932384 10.021352
138.932384 10.932384
139.843416 10.932384
139.843416 11.843416
140.754448 11.843416
141.665480 11.843416
142.576512 11.843416
142.576512 12.754448
143.487544 13.665480
144.398577 13.665480
145.309609 13.665480
145.309609 14.576512
146.220641 14.576512
146.220641 15.487544
147.131673 15.487544
147.131673 16.398577
148.042705 17.309609
148.953737 17.309609
148.953737 18.220641
149.864769 18.220641
149.864769 19.131673
150.775801 20.042705
150.775801 20.953737
150.775801 21.864769
151.686833 21.864769
151.686833 22.775801
152.597865 22.775801
152.597865 23.686833
152.597865 24.597865
152.597865 25.508897
153.508897 25.508897
153.508897 26.419929
153.508897 27.330961
153.508897 28.241993
153.508897 29.153025
154.419929 29.153025
154.419929 30.064057
154.419929 30.975089
154.419929 31.886121
154.419929 32.797153
154.419929 33.708185
154.419929 34.619217
154.419929 35.530249
154.419929 36.441281
154.419929 37.352313
154.419929 38.263345
154.419929 39.174377
155.330961 40.085409
155.330961 40.996441
155.330961 41.907473
156.241993 42.818505
156.241993 43.729537
156.241993 44.640569
156.241993 45.551601
157.153025 45.551601
157.153025 46.462633
157.153025 47.373665
158.064057 47.373665
158.064057 48.284698
158.975089 49.195730
158.975089 50.106762
159.886121 50.106762
159.886121 51.017794
159.886121 51.928826
159.886121 52.839858
160.797153 53.750890
160.797153 54.661922
160.797153 55.572954
160.797153 56.483986
161.708185 56.483986
161.708185 57.395018
162.619217 58.306050
162.619217 59.217082
162.619217 60.128114
162.619217 61.039146
163.530249 61.039146
163.530249 61.950178
164.441281 62.861210
164.441281 63.772242
164.441281 64.683274
165.352313 64.683274
165.352313 65.594306
166.263345 66.505338
167.174377 67.416370
168.085409 68.327402
168.085409 69.238434
168.085409 70.149466
168.996441 70.149466
168.996441 71.060498
169.907473 71.060498
169.907473 71.971530
170.818505 71.971530
171.729537 72.882562
172.640569 73.793594
173.551601 74.704626
173.551601 75.615658
174.462633 75.615658
175.373665 76.526690
176.284698 77.437722
176.284698 78.348754
177.195730 78.348754
178.106762 78.348754
179.017794 79.259786
179.928826 79.259786
180.839858 80.170819
181.750890 81.081851
182.661922 81.992883
183.572954 82.903915
185.395018 84.725979
187.217082 86.548043
188.128114 87.459075
189.039146 89.281139
189.950178 90.192171
190.861210 91.103203
191.772242 91.103203
192.683274 91.103203
193.594306 91.103203
194.505338 91.103203
195.416370 91.103203
195.416370 92.014235
196.327402 92.014235
197.238434 92.014235
198.149466 92.014235
199.060498 92.014235
199.971530 92.014235
200.882562 92.925267
201.793594 92.925267
202.704626 92.925267
203.615658 92.925267
204.526690 92.925267
205.437722 92.925267
206.348754 92.925267
207.259786 92.925267
208.170819 92.014235
209.081851 91.103203
209.992883 90.192171
210.903915 89.281139
211.814947 89.281139
212.725979 89.281139
213.637011 89.281139
213.637011 90.192171
214.548043 90.192171
214.548043 91.103203
215.459075 91.103203
215.459075 92.014235
215.459075 92.925267
216.370107 94.747331
217.281139 96.569395
218.192171 96.569395
219.103203 96.569395
220.014235 96.569395
221.836299 96.569395
222.747331 96.569395
223.658363 96.569395
224.569395 96.569395
225.480427 97.480427
226.391459 97.480427
226.391459 99.302491
227.302491 100.213523
227.302491 101.124555
227.302491 102.035587
227.302491 102.946619
227.302491 103.857651
227.302491 104.768683
227.302491 105.679715
227.302491 106.590747
227.302491 107.501779
227.302491 108.412811
226.391459 109.323843
225.480427 109.323843
224.569395 110.234875
223.658363 110.234875
223.658363 111.145907
222.747331 111.145907
221.836299 112.056940
220.925267 112.056940
220.014235 112.967972
219.103203 112.967972
219.103203 113.879004
217.281139 113.879004
217.281139 114.790036
216.370107 115.701068
215.459075 116.612100
215.459075 117.523132
214.548043 117.523132
213.637011 118.434164
213.637011 119.345196
213.637011 120.256228
212.725979 120.256228
212.725979 121.167260
212.725979 122.078292
212.725979 122.989324
211.814947 122.989324
211.814947 123.900356
211.814947 124.811388
211.814947 125.722420
211.814947 126.633452
211.814947 127.544484
211.814947 128.455516
211.814947 129.366548
211.814947 130.277580
211.814947 131.188612
211.814947 132.099644
211.814947 133.010676
211.814947 133.921708
211.814947 134.832740
211.814947 135.743772
211.814947 136.654804
211.814947 137.565836
212.725979 138.476868
212.725979 139.387900
213.637011 139.387900
213.637011 140.298932
214.548043 140.298932
214.548043 141.209964
214.548043 142.120996
215.459075 142.120996
215.459075 143.032028
216.370107 143.032028
217.281139 143.943060
218.192171 143.943060
220.014235 144.854093
220.925267 144.854093
221.836299 145.765125
222.747331 145.765125
223.658363 145.765125
224.569395 146.676157
225.480427 146.676157
226.391459 146.676157
226.391459 147.587189
227.302491 147.587189
227.302491 148.498221
228.213523 148.498221
228.213523 149.409253
229.124555 149.409253
230.035587 150.320285
230.946619 150.320285
230.946619 151.231317
230.946619 152.142349
231.857651 152.142349
231.857651 153.053381
232.768683 153.964413
233.679715 153.964413
233.679715 154.875445
234.590747 154.875445
234.590747 155.786477
235.501779 156.697509
235.501779 157.608541
236.412811 157.608541
237.323843 157.608541
237.323843 158.519573
238.234875 158.519573
238.234875 159.430605
239.145907 159.430605
239.145907 160.341637
239.145907 161.252669
240.056940 161.252669
240.967972 161.252669
240.967972 162.163701
241.879004 162.163701
241.879004 163.074733
242.790036 163.074733
243.701068 163.074733
244.612100 163.985765
244.612100 164.896797
245.523132 164.896797
246.434164 164.896797
246.434164 165.807829
247.345196 165.807829
248.256228 165.807829
249.167260 166.718861
250.078292 166.718861
250.989324 166.718861
252.811388 166.718861
254.633452 167.629893
255.544484 168.540925
256.455516 169.451957
257.366548 169.451957
258.277580 170.362989
258.277580 171.274021
259.188612 171.274021
260.099644 172.185053
261.010676 173.096085
261.921708 173.096085
261.921708 174.007117
262.832740 174.007117
262.832740 174.918149
262.832740 175.829181
262.832740 176.740214
261.921708 177.651246
261.010676 178.562278
261.010676 179.473310
260.099644 180.384342
259.188612 180.384342
259.188612 181.295374
259.188612 182.206406
258.277580 182.206406
258.277580 183.117438
258.277580 184.028470
257.366548 184.028470
257.366548 184.939502
257.366548 185.850534
257.366548 186.761566
256.455516 186.761566
256.455516 187.672598
256.455516 188.583630
256.455516 189.494662
256.455516 190.405694
256.455516 191.316726
257.366548 191.316726
258.277580 191.316726
259.188612 192.227758
260.099644 192.227758
261.010676 192.227758
261.921708 192.227758
261.921708 193.138790
262.832740 193.138790
263.743772 193.138790
264.654804 193.138790
265.565836 193.138790
265.565836 192.227758
266.476868 192.227758
266.476868 191.316726
267.387900 191.316726
268.298932 190.405694
269.209964 189.494662
270.120996 189.494662
271.032028 188.583630
271.943060 187.672598
272.854093 186.761566
272.854093 185.850534
273.765125 185.850534
274.676157 184.939502
275.587189 184.028470
276.498221 184.028470
276.498221 183.117438
277.409253 182.206406
278.320285 181.295374
279.231317 181.295374
279.231317 180.384342
280.142349 180.384342
281.053381 179.473310
281.964413 179.473310
281.964413 178.562278
282.875445 177.651246
283.786477 177.651246
283.786477 176.740214
284.697509 176.740214
284.697509 175.829181
285.608541 175.829181
286.519573 175.829181
286.519573 174.918149
287.430605 174.918149
288.341637 174.918149
288.341637 174.007117
289.252669 174.007117
290.163701 174.007117
291.074733 174.007117
291.985765 174.007117
293.807829 174.007117
294.718861 174.007117
295.629893 174.007117
296.540925 174.007117
297.451957 174.918149
298.362989 175.829181
299.274021 175.829181
300.185053 176.740214
301.096085 176.740214
302.007117 177.651246
302.007117 178.562278
302.918149 178.562278
303.829181 179.473310
304.740214 180.384342
305.651246 180.384342
306.562278 181.295374
307.473310 182.206406
307.473310 183.117438
308.384342 183.117438
309.295374 183.117438
309.295374 184.028470
310.206406 184.939502
310.206406 185.850534
311.117438 186.761566
312.028470 187.672598
312.939502 187.672598
312.939502 188.583630
312.939502 189.494662
313.850534 190.405694
313.850534 191.316726
313.850534 192.227758
314.761566 192.227758
314.761566 193.138790
314.761566 194.049822
315.672598 194.049822
315.672598 194.960854
316.583630 195.871886
316.583630 196.782918
316.583630 197.693950
317.494662 197.693950
317.494662 198.604982
317.494662 199.516014
318.405694 200.427046
318.405694 201.338078
319.316726 201.338078
320.227758 202.249110
321.138790 203.160142
322.049822 203.160142
322.960854 203.160142
323.871886 203.160142
324.782918 203.160142
325.693950 203.160142
326.604982 203.160142
327.516014 203.160142
328.427046 203.160142
329.338078 203.160142
330.249110 203.160142
331.160142 203.160142
332.071174 203.160142
332.071174 202.249110
332.982206 202.249110
333.893238 202.249110
333.893238 201.338078
333.893238 200.427046
334.804270 200.427046
335.715302 200.427046
335.715302 199.516014
336.626335 199.516014
336.626335 198.604982
337.537367 198.604982
337.537367 197.693950
338.448399 196.782918
339.359431 196.782918
340.270463 196.782918
341.181495 195.871886
342.092527 195.871886
343.003559 195.871886
343.914591 194.960854
344.825623 194.960854
345.736655 194.960854
346.647687 194.960854
346.647687 194.049822
347.558719 194.049822
348.469751 193.138790
349.380783 193.138790
351.202847 193.138790
352.113879 193.138790
353.024911 193.138790
354.846975 194.049822
355.758007 194.960854
356.669039 195.871886
357.580071 195.871886
358.491103 196.782918
358.491103 197.693950
359.402135 197.693950
359.402135 198.604982
360.313167 198.604982
360.313167 199.516014
361.224199 199.516014
362.135231 199.516014
362.135231 200.427046
363.046263 201.338078
363.957295 201.338078
364.868327 202.249110
365.779359 202.249110
365.779359 203.160142
366.690391 203.160142
366.690391 204.071174
367.601423 204.982206
368.512456 204.982206
369.423488 204.982206
369.423488 205.893238
370.334520 206.804270
370.334520 207.715302
371.245552 208.626335
373.067616 209.537367
373.067616 210.448399
373.978648 210.448399
374.889680 211.359431
374.889680 212.270463
375.800712 212.270463
375.800712 213.181495
376.711744 213.181495
376.711744 214.092527
377.622776 215.003559
377.622776 215.914591
377.622776 216.825623
378.533808 216.825623
378.533808 217.736655
378.533808 218.647687
378.533808 219.558719
378.533808 220.469751
378.533808 221.380783
378.533808 222.291815
378.533808 223.202847
378.533808 224.113879
378.533808 225.024911
378.533808 225.935943
378.533808 226.846975
378.533808 227.758007
378.533808 228.669039
378.533808 229.580071
378.533808 230.491103
378.533808 231.402135
378.533808 232.313167
378.533808 233.224199
378.533808 234.135231
378.533808 235.046263
379.444840 235.046263
379.444840 235.957295
379.444840 236.868327
380.355872 237.779359
380.355872 238.690391
380.355872 239.601423
381.266904 239.601423
382.177936 239.601423
383.088968 239.601423
384.000000 239.601423
384.000000 240.512456
384.911032 240.512456
385.822064 241.423488
386.733096 241.423488
386.733096 242.334520
387.644128 242.334520
388.555160 242.334520
388.555160 243.245552
389.466192 243.245552
390.377224 243.245552
391.288256 244.156584
392.199288 244.156584
393.110320 244.156584
393.110320 245.067616
394.021352 245.067616
394.932384 245.067616
395.843416 245.067616
396.754448 245.067616
397.665480 245.067616
398.576512 245.067616
399.487544 245.067616
400.398577 245.067616
401.309609 245.067616
401.309609 244.156584
402.220641 244.156584
403.131673 244.156584
404.042705 244.156584
404.953737 244.156584
404.953737 243.245552
405.864769 243.245552
406.775801 243.245552
406.775801 242.334520
407.686833 242.334520
408.597865 242.334520
409.508897 242.334520
410.419929 242.334520
411.330961 242.334520
412.241993 242.334520
413.153025 242.334520
414.064057 242.334520
414.975089 242.334520
415.886121 242.334520
416.797153 242.334520
417.708185 242.334520
418.619217 242.334520
419.530249 242.334520
420.441281 242.334520
421.352313 242.334520
422.263345 242.334520
423.174377 243.245552
424.085409 243.245552
424.996441 243.245552
425.907473 244.156584
426.818505 244.156584
426.818505 245.067616
427.729537 245.067616
427.729537 245.978648
428.640569 245.978648
428.640569 246.889680
429.551601 246.889680
430.462633 246.889680
431.373665 246.889680
432.284698 246.889680
433.195730 246.889680
433.195730 245.978648
434.106762 245.978648
435.017794 245.978648
435.928826 245.978648
436.839858 245.978648
437.750890 245.978648
438.661922 245.978648
439.572954 245.978648
440.483986 245.978648
441.395018 245.978648
442.306050 245.978648
443.217082 245.978648
444.128114 245.978648
445.039146 245.978648
445.950178 245.978648
446.861210 245.978648
447.772242 245.978648
448.683274 245.978648
449.594306 245.978648
450.505338 245.978648
451.416370 245.978648
452.327402 245.978648
453.238434 245.978648
454.149466 245.978648
455.060498 246.889680
455.971530 246.889680
455.971530 247.800712
456.882562 247.800712
457.793594 248.711744
458.704626 249.622776
459.615658 249.622776
459.615658 250.533808
460.526690 250.533808
461.437722 250.533808
461.437722 251.444840
462.348754 251.444840
463.259786 251.444840
463.259786 252.355872
464.170819 252.355872
464.170819 253.266904
464.170819 254.177936
465.081851 254.177936
465.081851 255.088968
465.992883 255.088968
465.992883 256.000000
466.903915 256.000000
466.903915 256.911032
466.903915 257.822064
466.903915 258.733096
467.814947 258.733096
467.814947 259.644128
468.725979 260.555160
468.725979 261.466192
469.637011 262.377224
470.548043 262.377224
470.548043 263.288256
471.459075 264.199288
471.459075 265.110320
472.370107 266.021352
472.370107 266.932384
473.281139 266.932384
473.281139 267.843416
473.281139 268.754448
474.192171 269.665480
475.103203 270.576512
475.103203 271.487544
476.014235 271.487544
476.014235 272.398577
476.014235 273.309609
476.014235 274.220641
476.925267 274.220641
476.925267 275.131673
478.747331 276.042705
479.658363 276.042705
480.569395 276.042705
481.480427 276.042705
482.391459 276.042705
483.302491 276.042705
484.213523 276.042705
485.124555 275.131673
486.035587 275.131673
486.035587 274.220641
486.946619 274.220641
487.857651 273.309609
488.768683 273.309609
489.679715 273.309609
490.590747 272.398577
491.501779 272.398577
492.412811 271.487544
493.323843 271.487544
494.234875 271.487544
495.145907 271.487544
496.056940 271.487544
496.967972 271.487544
497.879004 271.487544
498.790036 271.487544
499.701068 271.487544
500.612100 271.487544
501.523132 271.487544
502.434164 271.487544
503.345196 271.487544
504.256228 271.487544
505.167260 271.487544
506.078292 271.487544
506.989324 271.487544
507.900356 271.487544
508.811388 271.487544
509.722420 271.487544
510.633452 271.487544
511.544484 271.487544
512.000000 271.487544
512.000000 271.487544
512.000000 273.309609
512.000000 274.220641
512.000000 276.042705
512.000000 276.953737
512.000000 277.864769
512.000000 278.775801
512.000000 279.686833
512.000000 280.597865
512.000000 281.508897
512.000000 282.419929
512.000000 283.330961
512.000000 284.241993
512.000000 285.153025
512.000000 286.064057
512.000000 286.064057
512.000000 287.886121
512.000000 288.797153
512.000000 289.708185
512.000000 290.619217
512.000000 291.530249
512.000000 292.441281
512.000000 293.352313
512.000000 294.263345
512.000000 295.174377
512.000000 296.085409
512.000000 296.996441
512.000000 297.907473
512.000000 298.818505
512.000000 299.729537
512.000000 300.640569
512.000000 301.551601
512.000000 302.462633
511.544484 303.373665
511.544484 304.284698
511.544484 305.195730
511.544484 307.017794
510.633452 307.928826
509.722420 308.839858
509.722420 309.750890
509.722420 310.661922
508.811388 310.661922
508.811388 311.572954
507.900356 311.572954
507.900356 312.483986
506.989324 312.483986
506.989324 313.395018
506.989324 314.306050
506.078292 314.306050
506.078292 315.217082
505.167260 316.128114
504.256228 317.039146
504.256228 317.950178
503.345196 318.861210
503.345196 319.772242
502.434164 319.772242
502.434164 320.683274
502.434164 321.594306
502.434164 322.505338
502.434164 323.416370
502.434164 324.327402
501.523132 325.238434
501.523132 326.149466
501.523132 327.060498
501.523132 327.971530
501.523132 328.882562
501.523132 329.793594
501.523132 330.704626
500.612100 330.704626
500.612100 331.615658
500.612100 332.526690
499.701068 332.526690
499.701068 333.437722
499.701068 334.348754
498.790036 335.259786
498.790036 336.170819
498.790036 337.081851
497.879004 337.992883
497.879004 338.903915
496.967972 339.814947
496.967972 340.725979
496.056940 340.725979
496.056940 341.637011
495.145907 342.548043
495.145907 343.459075
495.145907 344.370107
494.234875 344.370107
494.234875 345.281139
494.234875 346.192171
493.323843 346.192171
492.412811 346.192171
492.412811 347.103203
492.412811 348.014235
491.501779 348.925267
490.590747 349.836299
489.679715 350.747331
489.679715 351.658363
488.768683 351.658363
488.768683 352.569395
487.857651 352.569395
487.857651 353.480427
486.946619 354.391459
486.946619 355.302491
486.035587 355.302491
486.035587 356.213523
485.124555 356.213523
485.124555 357.124555
484.213523 357.124555
484.213523 358.035587
483.302491 358.946619
482.391459 359.857651
481.480427 359.857651
481.480427 360.768683
480.569395 360.768683
480.569395 361.679715
480.569395 362.590747
480.569395 363.501779
479.658363 363.501779
479.658363 364.412811
479.658363 365.323843
479.658363 366.234875
479.658363 367.145907
479.658363 368.056940
478.747331 368.056940
478.747331 368.967972
477.836299 369.879004
477.836299 370.790036
477.836299 371.701068
477.836299 372.612100
477.836299 373.523132
477.836299 374.434164
476.925267 375.345196
476.925267 376.256228
476.925267 377.167260
476.014235 378.078292
476.014235 378.989324
476.014235 379.900356
475.103203 379.900356
474.192171 379.900356
474.192171 381.722420
473.281139 381.722420
473.281139 382.633452
472.370107 382.633452
472.370107 383.544484
471.459075 384.455516
471.459075 385.366548
470.548043 385.366548
469.637011 386.277580
469.637011 387.188612
468.725979 388.099644
467.814947 389.010676
466.903915 389.921708
465.992883 390.832740
465.081851 391.743772
465.081851 392.654804
464.170819 393.565836
463.259786 393.565836
462.348754 393.565836
462.348754 394.476868
461.437722 395.387900
461.437722 396.298932
460.526690 396.298932
460.526690 397.209964
459.615658 397.209964
458.704626 397.209964
458.704626 398.120996
457.793594 398.120996
456.882562 400.854093
455.060498 401.765125
454.149466 402.676157
454.149466 403.587189
453.238434 404.498221
452.327402 404.498221
452.327402 405.409253
451.416370 405.409253
451.416370 406.320285
450.505338 406.320285
450.505338 407.231317
449.594306 409.053381
449.594306 409.964413
448.683274 409.964413
448.683274 410.875445
447.772242 412.697509
447.772242 413.608541
446.861210 413.608541
445.950178 415.430605
445.039146 416.341637
445.039146 417.252669
444.128114 417.252669
443.217082 419.074733
442.306050 419.985765
442.306050 420.896797
442.306050 421.807829
442.306050 422.718861
442.306050 423.629893
442.306050 424.540925
442.306050 425.451957
442.306050 427.274021
441.395018 429.096085
440.483986 429.096085
440.483986 430.007117
440.483986 430.918149
439.572954 431.829181
439.572954 432.740214
438.661922 433.651246
438.661922 434.562278
438.661922 435.473310
437.750890 435.473310
437.750890 436.384342
437.750890 437.295374
436.839858 438.206406
435.928826 439.117438
435.928826 440.028470
435.928826 440.939502
435.017794 441.850534
435.017794 442.761566
435.017794 443.672598
434.106762 443.672598
434.106762 445.494662
433.195730 445.494662
433.195730 446.405694
432.284698 446.405694
432.284698 447.316726
431.373665 448.227758
431.373665 449.138790
430.462633 450.049822
430.462633 450.960854
429.551601 451.871886
428.640569 452.782918
428.640569 453.693950
427.729537 454.604982
427.729537 455.516014
426.818505 456.427046
426.818505 457.338078
425.907473 457.338078
425.907473 458.249110
424.996441 459.160142
424.085409 460.982206
423.174377 460.982206
423.174377 461.893238
423.174377 462.804270
422.263345 463.715302
421.352313 464.626335
421.352313 465.537367
421.352313 466.448399
420.441281 467.359431
419.530249 468.270463
419.530249 469.181495
419.530249 470.092527
417.708185 471.003559
417.708185 471.914591
417.708185 472.825623
417.708185 473.736655
416.797153 473.736655
416.797153 474.647687
416.797153 475.558719
415.886121 475.558719
415.886121 476.469751
414.064057 477.380783
414.064057 478.291815
414.064057 479.202847
413.153025 480.113879
413.153025 481.024911
412.241993 481.024911
412.241993 481.935943
412.241993 482.846975
411.330961 482.846975
410.419929 484.669039
409.508897 485.580071
408.597865 485.580071
407.686833 485.580071
406.775801 485.580071
406.775801 486.491103
405.864769 487.402135
404.953737 488.313167
404.042705 489.224199
404.042705 490.135231
403.131673 490.135231
402.220641 490.135231
402.220641 491.046263
401.309609 491.957295
401.309609 492.868327
401.309609 493.779359
401.309609 494.690391
401.309609 495.601423
401.309609 498.334520
401.309609 500.156584
400.398577 500.156584
400.398577 501.067616
399.487544 501.067616
398.576512 501.067616
397.665480 501.978648
396.754448 503.800712
396.754448 504.711744
395.843416 504.711744
394.932384 505.622776
394.021352 505.622776
