130.781300 57.000000
130.516488 58.000000
136.174414 59.000000
121.441722 60.000000
125.989670 61.000000
112.437358 62.000000
113.698079 63.000000
112.601184 64.000000
123.959023 65.000000
116.059032 66.000000
113.751237 67.000000
116.052432 68.000000
115.164652 69.000000
116.351828 70.000000
116.306889 71.000000
117.144205 72.000000
116.972325 73.000000
119.004849 74.000000
126.989110 75.000000
115.999200 76.000000
120.587628 77.000000
118.530183 78.000000
118.718940 79.000000
112.915728 80.000000
125.955564 81.000000
119.488932 82.000000
114.962271 83.000000
123.436597 84.000000
119.502662 85.000000
100.551256 86.000000
123.826368 87.000000
120.537216 88.000000
121.150806 89.000000
120.316300 90.000000
101.683650 91.000000
121.531097 92.000000
119.499809 93.000000
119.417039 94.000000
113.600380 95.000000
128.733716 96.000000
121.548281 97.000000
115.254685 98.000000
118.665048 99.000000
118.214862 100.000000
138.473361 101.000000
122.451587 102.000000
117.513240 103.000000
118.636354 104.000000
119.861309 105.000000
114.550467 106.000000
118.962321 107.000000
119.761456 108.000000
115.330711 109.000000
117.612651 110.000000
125.870360 111.000000
120.117814 112.000000
125.396924 113.000000
117.642667 114.000000
127.014417 115.000000
122.024688 116.000000
117.628888 117.000000
127.992368 118.000000
114.883724 119.000000
120.651888 120.000000
119.994072 121.000000
112.895925 122.000000
117.999830 123.000000
120.444872 124.000000
124.026522 125.000000
109.517787 126.000000
512.000000 127.000000
117.879137 128.000000
125.999334 129.000000
123.011577 130.000000
141.019200 131.000000
154.035623 132.000000
163.095699 133.000000
127.513374 134.000000
202.032740 135.000000
4.238154 136.000000
194.580282 137.000000
174.768131 138.000000
157.960044 139.000000
181.509793 140.000000
177.487943 141.000000
183.602678 142.000000
194.931772 143.000000
190.234202 144.000000
167.928488 145.000000
184.070268 146.000000
229.987797 147.000000
222.920870 148.000000
198.241612 149.000000
187.516789 150.000000
204.014822 151.000000
205.695991 152.000000
203.016288 153.000000
219.724213 154.000000
214.566201 155.000000
222.532176 156.000000
226.534039 157.000000
217.540314 158.000000
227.033988 159.000000
263.188835 160.000000
251.051783 161.000000
231.977005 162.000000
234.665840 163.000000
263.437101 164.000000
263.136006 165.000000
271.478310 166.000000
256.777296 167.000000
264.604085 168.000000
246.370695 169.000000
246.817604 170.000000
236.502015 171.000000
270.497674 172.000000
262.328466 173.000000
252.719243 174.000000
265.857205 175.000000
250.966430 176.000000
254.998274 177.000000
296.982408 178.000000
261.345359 179.000000
259.491407 180.000000
277.493303 181.000000
279.344895 182.000000
271.765005 183.000000
272.401324 184.000000
272.161101 185.000000
280.012017 186.000000
272.004899 187.000000
271.170567 188.000000
280.985443 189.000000
282.035739 190.000000
287.032268 191.000000
288.482232 192.000000
292.940277 193.000000
292.273730 194.000000
292.513706 195.000000
297.701413 196.000000
301.393172 197.000000
303.835242 198.000000
304.555559 199.000000
305.410525 200.000000
305.991635 201.000000
287.451795 202.000000
311.222496 203.000000
311.209885 204.000000
348.188031 205.000000
369.525073 206.000000
371.935769 207.000000
375.224924 208.000000
382.036011 209.000000
378.857421 210.000000
365.804318 211.000000
401.426010 212.000000
378.414251 213.000000
393.413868 214.000000
395.420636 215.000000
398.068189 216.000000
399.376569 217.000000
428.871374 218.000000
403.231215 219.000000
429.963343 220.000000
430.995027 221.000000
407.632564 222.000000
423.113678 223.000000
407.345939 224.000000
391.553327 225.000000
412.805306 226.000000
407.849586 227.000000
410.018233 228.000000
390.449781 229.000000
415.628403 230.000000
445.504655 231.000000
383.332385 232.000000
430.386794 233.000000
420.978926 234.000000
423.494953 235.000000
427.336278 236.000000
427.274324 237.000000
430.712672 238.000000
428.464820 239.000000
447.922534 240.000000
447.964618 241.000000
436.580131 242.000000
442.342198 243.000000
430.437601 244.000000
434.472583 245.000000
448.973266 246.000000
434.405908 247.000000
444.928728 248.000000
445.926400 249.000000
421.437839 250.000000
434.521392 251.000000
435.266334 252.000000
444.194545 253.000000
430.780059 254.000000
437.182736 255.000000
437.159205 256.000000
451.472416 257.000000
443.497688 258.000000
440.965271 259.000000
457.580380 260.000000
433.140126 261.000000
434.037033 262.000000
431.345220 263.000000
443.242549 264.000000
436.993983 265.000000
436.313321 266.000000
433.851687 267.000000
434.296386 268.000000
446.085276 269.000000
432.020640 270.000000
439.255363 271.000000
437.659720 272.000000
442.900860 273.000000
432.610728 274.000000
434.076783 275.000000
436.096719 276.000000
434.053615 277.000000
432.370887 278.000000
432.320140 279.000000
449.637671 280.000000
430.435646 281.000000
431.407912 282.000000
441.407707 283.000000
427.942961 284.000000
434.715576 285.000000
427.557651 286.000000
423.117337 287.000000
437.567294 288.000000
435.529785 289.000000
427.926356 290.000000
421.524714 291.000000
426.294775 292.000000
422.802245 293.000000
430.096015 294.000000
428.284260 295.000000
423.442683 296.000000
421.013172 297.000000
426.192306 298.000000
453.018415 299.000000
425.926560 300.000000
425.710734 301.000000
436.468538 302.000000
422.553701 303.000000
434.488853 304.000000
435.591930 305.000000
426.257186 306.000000
424.008051 307.000000
419.815577 308.000000
411.522847 309.000000
426.010308 310.000000
414.331432 311.000000
420.639146 312.000000
419.934620 313.000000
426.012802 314.000000
425.509060 315.000000
427.401269 316.000000
414.064637 317.000000
414.170696 318.000000
418.084239 319.000000
442.579594 320.000000
433.077003 321.000000
352.909504 322.000000
430.043143 323.000000
395.187778 324.000000
389.575447 325.000000
439.967296 326.000000
420.976506 327.000000
412.921406 328.000000
435.916196 329.000000
428.629633 330.000000
431.601680 331.000000
423.003112 332.000000
431.139071 333.000000
416.084020 334.000000
415.309157 335.000000
420.989084 336.000000
414.830624 337.000000
422.472444 338.000000
408.682720 339.000000
417.601372 340.000000
408.576714 341.000000
429.725267 342.000000
425.985772 343.000000
412.902286 344.000000
414.028927 345.000000
412.069203 346.000000
426.634750 347.000000
427.004584 348.000000
407.950689 349.000000
411.524183 350.000000
402.054157 351.000000
408.545923 352.000000
410.465312 353.000000
413.045702 354.000000
412.032268 355.000000
414.626631 356.000000
423.162540 357.000000
410.963196 358.000000
408.021838 359.000000
414.982065 360.000000
412.007585 361.000000
408.548948 362.000000
406.594977 363.000000
407.081806 364.000000
401.049435 365.000000
391.435110 366.000000
400.102535 367.000000
400.103721 368.000000
403.379162 369.000000
404.709456 370.000000
393.994334 371.000000
402.535894 372.000000
400.165582 373.000000
414.037096 374.000000
404.439446 375.000000
401.031224 376.000000
406.083898 377.000000
413.982323 378.000000
406.987193 379.000000
395.564144 380.000000
397.083909 381.000000
398.623783 382.000000
396.953779 383.000000
395.977787 384.000000
393.640232 385.000000
369.269114 386.000000
395.587687 387.000000
414.583688 388.000000
413.005551 389.000000
385.953488 390.000000
402.248269 391.000000
399.048929 392.000000
396.962984 393.000000
394.606020 394.000000
396.019703 395.000000
388.069816 396.000000
391.346787 397.000000
393.011198 398.000000
386.645417 399.000000
389.973938 400.000000
386.594358 401.000000
386.029349 402.000000
386.386906 403.000000
392.987802 404.000000
389.992195 405.000000
389.030871 406.000000
388.922304 407.000000
382.032174 408.000000
382.955067 409.000000
382.054064 410.000000
386.034603 411.000000
383.127330 412.000000
386.985032 413.000000
377.035417 414.000000
386.039404 415.000000
382.046999 416.000000
374.007884 417.000000
375.023081 418.000000
381.323868 419.000000
373.774571 420.000000
374.053678 421.000000
376.056971 422.000000
371.047489 423.000000
378.535141 424.000000
374.170056 425.000000
374.158226 426.000000
375.839228 427.000000
370.697250 428.000000
371.970044 429.000000
371.979617 430.000000
372.362179 431.000000
377.472425 432.000000
383.391841 433.000000
370.097306 434.000000
375.973582 435.000000
374.961230 436.000000
369.966646 437.000000
375.456725 438.000000
376.078571 439.000000
368.508914 440.000000
367.516903 441.000000
365.651932 442.000000
369.108129 443.000000
363.289289 444.000000
366.979115 445.000000
366.194797 446.000000
374.530740 447.000000
364.032379 448.000000
362.802302 449.000000
374.405476 450.000000
375.001964 451.000000
369.582029 452.000000
361.985157 453.000000
364.562868 454.000000
366.327051 455.000000
370.630714 456.000000
369.125926 457.000000
355.566806 458.000000
377.578203 459.000000
356.984019 460.000000
359.320918 461.000000
355.765752 462.000000
355.693466 463.000000
364.511281 464.000000
361.027632 465.000000
367.861622 466.000000
367.807340 467.000000
357.757540 468.000000
354.814490 469.000000
345.321559 470.000000
359.067722 471.000000
356.864946 472.000000
358.242778 473.000000
354.465187 474.000000
370.533261 475.000000
347.941985 476.000000
351.027090 477.000000
356.559877 478.000000
355.114056 479.000000
348.790641 480.000000
352.925660 481.000000
358.053372 482.000000
349.695443 483.000000
347.385919 484.000000
354.118113 485.000000
349.818139 486.000000
350.982872 487.000000
353.019617 488.000000
347.979377 489.000000
353.015225 490.000000
344.627965 491.000000
