110.025945 62.000000
108.956766 63.000000
110.727384 64.000000
113.780642 65.000000
115.004492 66.000000
113.936616 67.000000
109.993810 68.000000
115.925709 69.000000
116.221133 70.000000
93.022618 71.000000
109.754955 72.000000
110.624941 73.000000
112.336334 74.000000
126.601568 75.000000
116.219378 76.000000
115.004131 77.000000
109.030160 78.000000
97.161967 79.000000
109.907907 80.000000
125.042971 81.000000
111.672835 82.000000
102.962384 83.000000
126.874454 84.000000
111.985071 85.000000
111.410593 86.000000
124.062081 87.000000
109.261657 88.000000
122.010712 89.000000
100.377796 90.000000
115.426658 91.000000
142.518392 92.000000
104.967492 93.000000
99.744228 94.000000
111.823181 95.000000
111.543116 96.000000
124.770153 97.000000
113.857862 98.000000
31.251722 99.000000
113.002549 100.000000
109.976540 101.000000
122.741459 102.000000
116.528137 103.000000
105.005397 104.000000
119.506239 105.000000
102.486514 106.000000
133.051390 107.000000
118.956325 108.000000
115.157000 109.000000
117.963473 110.000000
125.716441 111.000000
124.162262 112.000000
126.986131 113.000000
129.536141 114.000000
127.020372 115.000000
123.916116 116.000000
135.839904 117.000000
127.119012 118.000000
114.975163 119.000000
141.045549 120.000000
119.103068 121.000000
112.994732 122.000000
117.833692 123.000000
120.827038 124.000000
124.505241 125.000000
129.554663 126.000000
149.962984 127.000000
164.059294 128.000000
185.403239 129.000000
173.392987 130.000000
141.997117 131.000000
155.196607 132.000000
191.109694 133.000000
128.064463 134.000000
202.302875 135.000000
144.791713 136.000000
187.421950 137.000000
139.849569 138.000000
126.552838 139.000000
183.037100 140.000000
176.981495 141.000000
181.350416 142.000000
183.998631 143.000000
185.561305 144.000000
141.968398 145.000000
184.336650 146.000000
224.503729 147.000000
219.534454 148.000000
187.913343 149.000000
185.945244 150.000000
248.245418 151.000000
224.561325 152.000000
202.811002 153.000000
219.729786 154.000000
209.135853 155.000000
210.905177 156.000000
180.676144 157.000000
171.201165 158.000000
204.932321 159.000000
264.991806 160.000000
251.542124 161.000000
208.991764 162.000000
205.963219 163.000000
259.070763 164.000000
261.696585 165.000000
260.590761 166.000000
266.548152 167.000000
260.262452 168.000000
243.874720 169.000000
241.234222 170.000000
241.346320 171.000000
268.022839 172.000000
262.005007 173.000000
271.566468 174.000000
265.960129 175.000000
255.432489 176.000000
254.305810 177.000000
251.648868 178.000000
277.029412 179.000000
275.061336 180.000000
276.968758 181.000000
278.916249 182.000000
271.938857 183.000000
272.053402 184.000000
271.069068 185.000000
279.718693 186.000000
293.029700 187.000000
275.554596 188.000000
281.094439 189.000000
283.794456 190.000000
286.027620 191.000000
279.376194 192.000000
291.866998 193.000000
274.963038 194.000000
279.993155 195.000000
281.973385 196.000000
315.679853 197.000000
313.000000 198.000000
331.591336 199.000000
330.652528 200.000000
333.412053 201.000000
347.877001 202.000000
351.441930 203.000000
360.434876 204.000000
314.243458 205.000000
357.589000 206.000000
364.341472 207.000000
363.023055 208.000000
346.864564 209.000000
359.777556 210.000000
384.681278 211.000000
397.053340 212.000000
326.342964 213.000000
374.391428 214.000000
346.224197 215.000000
392.525233 216.000000
388.029905 217.000000
428.972862 218.000000
435.671073 219.000000
419.635846 220.000000
430.940062 221.000000
413.795555 222.000000
437.803308 223.000000
393.678823 224.000000
423.256343 225.000000
413.143791 226.000000
432.630627 227.000000
429.067942 228.000000
412.560361 229.000000
410.330516 230.000000
452.858617 231.000000
387.243701 232.000000
459.126259 233.000000
414.044028 234.000000
421.181414 235.000000
437.874918 236.000000
444.179226 237.000000
279.059496 238.000000
445.480313 239.000000
447.894954 240.000000
447.291404 241.000000
448.571696 242.000000
435.989687 243.000000
449.894235 244.000000
460.207550 245.000000
447.966066 246.000000
457.084106 247.000000
445.546086 248.000000
446.046493 249.000000
455.494582 250.000000
463.338859 251.000000
447.991344 252.000000
444.097763 253.000000
448.937274 254.000000
446.443036 255.000000
451.767206 256.000000
451.075196 257.000000
431.453525 258.000000
433.116413 259.000000
461.065377 260.000000
451.927609 261.000000
454.301019 262.000000
450.380728 263.000000
443.066067 264.000000
442.650198 265.000000
438.933549 266.000000
433.883305 267.000000
446.571277 268.000000
451.908657 269.000000
431.976366 270.000000
439.950799 271.000000
436.002908 272.000000
442.973838 273.000000
442.615257 274.000000
433.762937 275.000000
436.994112 276.000000
449.084975 277.000000
446.016950 278.000000
424.241052 279.000000
432.296961 280.000000
432.634158 281.000000
456.988459 282.000000
447.353396 283.000000
431.484186 284.000000
434.157138 285.000000
427.488636 286.000000
416.592689 287.000000
431.004595 288.000000
420.035577 289.000000
442.974587 290.000000
419.161625 291.000000
426.260082 292.000000
422.571208 293.000000
435.085835 294.000000
456.059484 295.000000
437.898706 296.000000
427.620170 297.000000
425.833157 298.000000
512.000000 299.000000
425.851402 300.000000
426.018046 301.000000
437.104205 302.000000
429.141311 303.000000
432.238938 304.000000
423.003613 305.000000
435.303455 306.000000
419.630436 307.000000
418.557285 308.000000
431.095660 309.000000
426.693625 310.000000
414.620417 311.000000
427.614643 312.000000
420.141086 313.000000
425.963355 314.000000
432.819194 315.000000
448.693932 316.000000
414.041464 317.000000
413.060518 318.000000
417.974337 319.000000
443.625170 320.000000
433.111754 321.000000
442.051764 322.000000
445.382898 323.000000
426.020953 324.000000
419.748800 325.000000
435.061850 326.000000
421.110072 327.000000
412.372619 328.000000
435.677111 329.000000
428.052647 330.000000
430.850735 331.000000
429.116950 332.000000
431.280957 333.000000
416.226441 334.000000
412.253317 335.000000
421.149077 336.000000
419.239702 337.000000
421.958955 338.000000
398.024471 339.000000
406.933916 340.000000
482.633453 341.000000
429.928879 342.000000
425.040280 343.000000
412.940761 344.000000
420.017031 345.000000
425.669825 346.000000
427.965638 347.000000
423.830115 348.000000
407.979971 349.000000
417.032488 350.000000
404.088212 351.000000
414.969336 352.000000
437.039123 353.000000
412.993779 354.000000
413.997767 355.000000
414.326900 356.000000
423.891366 357.000000
410.933618 358.000000
397.942494 359.000000
415.245073 360.000000
411.031031 361.000000
408.739294 362.000000
406.015018 363.000000
407.035378 364.000000
400.270033 365.000000
395.770871 366.000000
399.907509 367.000000
400.607153 368.000000
403.323699 369.000000
404.897495 370.000000
401.173830 371.000000
402.536244 372.000000
399.489725 373.000000
422.340296 374.000000
404.918130 375.000000
385.484862 376.000000
408.011392 377.000000
413.792690 378.000000
406.144074 379.000000
392.998826 380.000000
397.444889 381.000000
398.884878 382.000000
395.496588 383.000000
395.951608 384.000000
393.582277 385.000000
377.027224 386.000000
378.797022 387.000000
414.756790 388.000000
455.185430 389.000000
385.959617 390.000000
402.961622 391.000000
398.401860 392.000000
396.931838 393.000000
394.947871 394.000000
396.353697 395.000000
387.992661 396.000000
391.041480 397.000000
395.241683 398.000000
388.434813 399.000000
389.977821 400.000000
386.702219 401.000000
388.623154 402.000000
386.296437 403.000000
392.972835 404.000000
390.007188 405.000000
389.072012 406.000000
388.927171 407.000000
386.917121 408.000000
382.782433 409.000000
382.556552 410.000000
385.887963 411.000000
385.982529 412.000000
386.992188 413.000000
377.306882 414.000000
386.066477 415.000000
382.510020 416.000000
373.962023 417.000000
375.650138 418.000000
381.163323 419.000000
373.512117 420.000000
373.944685 421.000000
376.632429 422.000000
371.006257 423.000000
378.008816 424.000000
374.281234 425.000000
374.894869 426.000000
375.087935 427.000000
370.654748 428.000000
388.468514 429.000000
377.711258 430.000000
373.252355 431.000000
377.913069 432.000000
385.967039 433.000000
370.112229 434.000000
375.837911 435.000000
374.506915 436.000000
381.729835 437.000000
378.047209 438.000000
376.195343 439.000000
381.004114 440.000000
367.708973 441.000000
365.718449 442.000000
369.933461 443.000000
363.706832 444.000000
364.561928 445.000000
365.309846 446.000000
374.301265 447.000000
364.203104 448.000000
361.880749 449.000000
373.381386 450.000000
375.005848 451.000000
369.800842 452.000000
361.959348 453.000000
368.536500 454.000000
366.951564 455.000000
370.497676 456.000000
365.108287 457.000000
356.577382 458.000000
376.981873 459.000000
356.373496 460.000000
358.963030 461.000000
356.198190 462.000000
355.467227 463.000000
363.671448 464.000000
359.098088 465.000000
367.965046 466.000000
366.420658 467.000000
360.007380 468.000000
355.560638 469.000000
332.011472 470.000000
357.266751 471.000000
356.730771 472.000000
358.077453 473.000000
353.970172 474.000000
370.022651 475.000000
347.333900 476.000000
351.918345 477.000000
352.657526 478.000000
355.437154 479.000000
349.891831 480.000000
342.227577 481.000000
356.971207 482.000000
349.338203 483.000000
351.576067 484.000000
354.659502 485.000000
370.072919 486.000000
352.721468 487.000000
352.838230 488.000000
345.992541 489.000000
353.025379 490.000000
344.084124 491.000000
364.951463 492.000000
