98 68
99 69
99 70
100 71
101 72
101 73
113 74
127 75
116 76
103 77
109 78
104 79
110 80
125 81
108 82
103 83
127 84
113 85
108 86
124 87
106 88
122 89
101 90
115 91
122 92
105 93
103 94
110 95
112 96
112 97
106 98
102 99
127 100
126 101
123 102
117 103
106 104
119 105
93 106
135 107
119 108
115 109
118 110
126 111
119 112
127 113
125 114
127 115
124 116
120 117
127 118
114 119
120 120
119 121
113 122
118 123
121 124
125 125
110 126
145 127
116 128
121 129
133 130
142 131
155 132
125 133
128 134
148 135
153 136
155 137
150 138
139 139
162 140
177 141
170 142
171 143
169 144
139 145
184 146
221 147
219 148
180 149
186 150
190 151
205 152
185 153
220 154
191 155
220 156
184 157
196 158
205 159
209 160
240 161
209 162
206 163
264 164
250 165
273 166
251 167
261 168
237 169
236 170
237 171
271 172
262 173
262 174
266 175
255 176
273 177
268 178
267 179
275 180
277 181
279 182
272 183
272 184
271 185
280 186
293 187
275 188
281 189
284 190
287 191
282 192
292 193
279 194
283 195
287 196
301 197
295 198
296 199
309 200
303 201
295 202
308 203
320 204
314 205
311 206
305 207
328 208
325 209
304 210
343 211
333 212
339 213
355 214
347 215
364 216
371 217
734 218
403 219
429 220
427 221
412 222
438 223
402 224
430 225
411 226
433 227
429 228
413 229
261 230
447 231
419 232
459 233
445 234
442 235
432 236
443 237
456 238
445 239
448 240
447 241
449 242
441 243
437 244
461 245
448 246
439 247
445 248
446 249
455 250
449 251
448 252
444 253
428 254
446 255
446 256
451 257
439 258
441 259
438 260
444 261
452 262
450 263
443 264
442 265
436 266
434 267
447 268
452 269
432 270
440 271
436 272
443 273
430 274
434 275
437 276
449 277
443 278
439 279
448 280
443 281
446 282
445 283
314 284
434 285
427 286
443 287
434 288
435 289
443 290
408 291
427 292
427 293
435 294
437 295
437 296
436 297
426 298
422 299
426 300
426 301
437 302
428 303
432 304
423 305
455 306
426 307
418 308
387 309
427 310
414 311
422 312
420 313
426 314
433 315
423 316
414 317
413 318
418 319
422 320
423 321
414 322
425 323
477 324
418 325
428 326
421 327
412 328
431 329
428 330
431 331
429 332
431 333
417 334
415 335
421 336
413 337
414 338
416 339
407 340
417 341
430 342
425 343
413 344
409 345
400 346
427 347
413 348
408 349
441 350
404 351
406 352
402 353
413 354
414 355
407 356
422 357
411 358
398 359
401 360
411 361
409 362
406 363
407 364
400 365
395 366
400 367
401 368
403 369
405 370
394 371
402 372
400 373
395 374
405 375
390 376
396 377
414 378
406 379
393 380
397 381
399 382
395 383
396 384
394 385
375 386
384 387
397 388
399 389
386 390
390 391
398 392
397 393
394 394
396 395
388 396
391 397
489 398
383 399
390 400
387 401
556 402
386 403
393 404
390 405
389 406
389 407
386 408
383 409
382 410
386 411
379 412
497 413
377 414
374 415
382 416
374 417
376 418
381 419
374 420
374 421
376 422
371 423
378 424
374 425
375 426
375 427
371 428
369 429
366 430
368 431
378 432
367 433
370 434
376 435
373 436
379 437
378 438
376 439
368 440
368 441
366 442
370 443
364 444
363 445
365 446
364 447
365 448
362 449
373 450
375 451
370 452
362 453
365 454
366 455
370 456
365 457
356 458
305 459
356 460
359 461
355 462
355 463
364 464
359 465
368 466
367 467
358 468
355 469
345 470
357 471
357 472
358 473
354 474
370 475
347 476
352 477
357 478
355 479
350 480
342 481
359 482
349 483
355 484
354 485
357 486
352 487
353 488
346 489
353 490
344 491
328 492
346 493
345 494
360 495
348 496
347 497
349 498
345 499
360 500
358 501
363 502
366 503
