398.050095 512.016981
400.469754 503.322642
404.341210 498.492453
406.760870 493.662264
410.148393 485.933962
414.503781 480.137736
418.375236 476.273585
421.278828 471.443396
424.666352 465.647170
428.053875 457.918868
432.409263 450.190566
435.796786 443.428302
435.796786 435.700000
438.700378 431.835849
443.055766 427.005660
447.411153 423.141509
450.314745 419.277358
452.734405 414.447170
454.186200 409.616981
455.637996 403.820755
458.541588 400.922642
461.929112 397.058491
464.348771 395.126415
466.284499 393.194340
468.220227 387.398113
469.672023 383.533962
471.123819 379.669811
474.511342 373.873585
477.898866 370.009434
481.286389 366.145283
482.738185 361.315094
484.673913 354.552830
488.545369 349.722642
491.448960 343.926415
492.416824 340.062264
493.384688 333.300000
494.836484 328.469811
496.772212 324.605660
498.224008 320.741509
501.127599 316.877358
503.063327 313.013208
505.482987 307.216981
507.418715 302.386792
510.322306 299.488679
511.258034 296.590566
511.774102 228.001887
506.450851 231.866038
501.127599 242.492453
496.772212 248.288679
490.965028 256.016981
485.641777 261.813208
480.318526 269.541509
474.995274 270.507547
471.123819 268.575472
468.220227 262.779245
466.284499 252.152830
461.929112 244.424528
458.057656 236.696226
454.186200 232.832075
450.314745 229.933962
445.959357 228.001887
440.636106 228.967925
437.248582 230.900000
433.861059 230.900000
430.957467 232.832075
428.053875 238.628302
425.150284 241.526415
422.246692 246.356604
417.891304 245.390566
415.471645 243.458491
411.116257 241.526415
408.212665 241.526415
405.309074 252.152830
402.889414 260.847170
398.534026 267.609434
392.726843 262.779245
388.371456 259.881132
384.016068 257.949057
380.628544 255.050943
377.241021 251.186792
375.305293 243.458491
375.305293 229.933962
374.337429 223.171698
374.337429 215.443396
377.241021 210.613208
375.305293 199.986792
371.433837 199.986792
368.530246 199.986792
364.174858 199.986792
361.271267 193.224528
358.851607 188.394340
356.431947 188.394340
353.044423 188.394340
348.689036 189.360377
344.817580 194.190566
341.913989 201.918868
338.042533 209.647170
334.171078 214.477358
328.847826 216.409434
325.944234 215.443396
323.524575 209.647170
321.588847 201.918868
320.137051 198.054717
315.781664 191.292453
314.329868 188.394340
312.394140 182.598113
308.038752 177.767925
304.167297 171.005660
300.779773 166.175472
298.360113 159.413208
294.004726 156.515094
288.681474 159.413208
284.326087 169.073585
279.486767 174.869811
274.163516 177.767925
266.904537 181.632075
262.065217 190.326415
258.677694 200.952830
254.322306 200.952830
251.902647 186.462264
251.902647 176.801887
249.482987 170.039623
243.675803 168.107547
240.288280 168.107547
235.932892 167.141509
231.577505 165.209434
225.770321 163.277358
222.866730 160.379245
220.931002 153.616981
218.511342 146.854717
214.639887 142.990566
213.672023 135.262264
210.284499 132.364151
205.929112 129.466038
200.605860 129.466038
202.057656 120.771698
203.993384 114.009434
201.573724 99.518868
200.121928 87.926415
198.186200 80.198113
191.411153 80.198113
184.636106 79.232075
176.893195 79.232075
172.537807 79.232075
168.666352 85.028302
163.827032 85.028302
159.471645 85.028302
157.051985 85.028302
152.696597 85.028302
151.728733 77.300000
153.664461 69.571698
155.116257 63.775472
155.116257 57.013208
154.148393 49.284906
152.212665 42.522642
149.793006 37.692453
148.341210 33.828302
146.889414 28.032075
143.501890 23.201887
141.082231 16.439623
137.694707 13.541509
135.758979 7.745283